04mar04series_0007.mrc 0.852206 0.900502 0.000195  0.972988 81.041499 0.966328
04mar04series_0009.mrc 1.218673 1.271749 0.000000  0.978977 -75.210773 0.962923
04mar04series_0011.mrc 1.602645 1.658777 0.000049  0.982967 67.394713 0.963016
04mar04series_0013.mrc 1.989509 2.036625 0.000033  0.988379 -88.554283 0.974375
04mar04series_0015.mrc 2.355450 2.417833 0.000000  0.987026 -49.986372 0.961380
04mar04series_0007.mrc 0.423868 0.448369 0.200000  0.972988 81.041499 0.979932
04mar04series_0009.mrc 0.623898 0.651321 0.000000  0.978977 -75.210773 0.952147
04mar04series_0007.mrc 0.423868 0.448369 0.200000  0.972988 81.041499 0.979932
04mar04series_0009.mrc 0.623898 0.651321 0.000000  0.978977 -75.210773 0.952147
04mar04series_0011.mrc 0.825057 0.854107 0.000024  0.982967 67.394713 0.957918
04mar04series_0013.mrc 1.026425 1.050817 0.000098  0.988379 -88.554283 0.972573
04mar04series_0015.mrc 1.215776 1.248055 0.000000  0.987026 -49.986372 0.958505
04mar04series_0017.mrc 1.430179 1.439972 0.000098  0.996602 -63.245810 0.951692
04mar04series_0019.mrc 1.600575 1.664316 0.000098  0.980700 -61.518658 0.957197
04mar04series_0021.mrc 1.768974 1.887206 0.014339  0.968216 89.174280 0.934824
04mar04series_0023.mrc 1.990217 2.018437 0.096332  0.992994 61.094067 0.909023
04mar04series_0025.mrc 2.194646 2.245095 0.000000  0.988712 -67.676542 0.846952
04mar04series_0027.mrc 2.339657 2.437733 0.100851  0.979695 88.042808 0.849576
04mar04series_0029.mrc 2.542008 2.632948 0.094541  0.982591 74.677968 0.817186
04mar04series_0031.mrc 2.738193 2.884872 0.051341  0.974262 65.972300 0.823339
04mar04series_0033.mrc 2.925521 3.067481 0.075925  0.976599 81.420040 0.765968
04mar04series_0035.mrc 3.123338 3.322385 0.024029  0.969596 -89.217033 0.692484
04mar04series_0037.mrc 3.283419 3.475130 0.100489  0.972038 72.844945 0.715350
04mar04series_0039.mrc 3.412563 3.713387 0.117288  0.958655 59.433388 0.624768
04mar04series_0041.mrc 3.505581 3.852745 0.200000  0.953899 72.408941 0.513916
04mar04series_0043.mrc 3.855245 4.007125 0.154806  0.980872 57.846916 0.601062
04mar04series_0045.mrc 4.014727 4.372690 0.057284  0.958206 68.341844 0.442524
04mar04series_0047.mrc 4.059700 4.399858 0.200000  0.960578 79.158878 0.583950
